2.17360512	1.84061952	-1
5.4370872	-1.1376216	1
1.52279928	-0.00321552	-1
5.85152136	0.91754784	1
5.11831584	-0.71057232	1
6.19966008	1.47362976	1
1.67493384	0.19095336	-1
2.61648648	1.24598664	-1
0.24578424	-0.64439856	-1
2.25068472	0.21114072	-1
1.52874144	-0.56416536	-1
0.6392412	-2.01441024	-1
5.14078488	-1.67752512	1
1.22141808	-0.87299712	-1
5.84426304	0.44891496	1
6.11795664	-0.19198728	1
3.35389752	2.52532512	-1
5.90197032	1.11249504	1
0.86979384	0.153432	-1
1.38850992	-0.2317464	-1
1.56658176	-0.01045944	-1
5.67835776	0.3324636	1
2.32058736	-0.39772224	-1
2.61252144	1.5772212	-1
5.3336592	-0.08781192	1
5.24617704	0.18077544	1
1.6567884	-0.38447136	-1
-0.16743024	-0.3943368	-1
2.48910912	-0.05919552	-1
2.17723536	-0.04132224	-1
5.77080216	0.637434	1
6.47405856	0.66467088	1
5.70011832	-1.2828492	1
5.48414064	-0.15692976	1
1.76467608	0.53637624	-1
5.23464264	-1.80564048	1
1.25979912	-0.69256944	-1
1.29823992	-0.12697128	-1
6.33921192	2.19189672	1
0.88650504	-0.40937256	-1
1.4939388	1.015596	-1
-0.53498592	-1.24999416	-1
2.5463196	2.8547712	-1
6.05530296	0.01843632	1
5.31575136	-0.34471008	1
5.01167592	-0.17665416	1
5.9288112	0.50534496	1
5.88140496	-0.6507612	1
1.10461464	-0.44819424	-1
6.64525296	1.48758336	1
5.67809424	0.13810536	1
2.08349496	-1.18329696	-1
1.34672904	-0.7491024	-1
3.80654064	-1.69796592	1
4.37801256	0.30159792	1
1.83190608	1.2341988	-1
4.33152288	-2.70267264	1
0.6669432	-0.40633848	-1
0.62661312	-0.07916544	-1
1.7059284	0.9905004	-1
0.98192304	-0.18293904	-1
5.2412112	-0.13649184	1
1.3651236	0.3708576	-1
5.83355088	-0.43479	1
1.82152296	0.47711304	-1
1.41398928	-0.26296776	-1
5.85507456	0.56585808	1
5.93707536	0.26810352	1
4.71159936	0.31187808	1
-0.17043336	-4.15203912	-1
5.84106696	0.21300408	1
7.058466	1.07652024	1
1.07813304	-0.39809952	-1
0.96211224	-1.17568008	-1
6.6281796	-0.4222656	1
1.41572088	-1.32511608	-1
6.04656864	1.14114096	1
5.21276616	-1.27029024	1
5.44046472	0.1736532	1
6.49116648	0.24841368	1
